52608
64824
87736
89955
97079
102152
128421
144233
164558
164686
175045
186077
186461
187041
191703
209224
210607
210742
237950
241188
259027
259165
259209
261621
269630
269724
273153
280254
288096
288479
318820
321599
333984
355978
358636
373550
374122
386318
459411
534216
545064
545065
546819
585292
590045
614228
618158
691125
704555
852107
852250
853782
853946
856593
856668
878832
896895
933588
955392
965632
1006060
1010480
1038935
1046606
1085656
1117267
1181263
1181370
1196530
1330753
1474232
1474234
1550334
1587014
1602726
1661959
1850021
2004161
2091159
2236003
2267635
2294135
2310904
2361938
2449665
2480790
2523650
2804929
2904295
2949748
2982434
2990770
3174347
3181031
3198273
3531895
3542101
3563056
3570733
3585012
3627134
3639870
3642642
3715428
3733981
3752537
3768145
3782354
3785441
3833052
3846638
3848193
3878355
3939961
3943714
3943720
3943724
3943727
3945312
3945326
3945336
3951825
3969002
3997060
4009402
4056856
4057659
4062275
4081583
4114386
4119968
4127641
4144768
4156510
4185554
4205767
4211105
4211106
4224099
4224967
4245539
4246086
4257581
4277794
4278336
4319342
4386143
4386327
4386366
4386406
4386469
4386475
4394806
4430243
4430244
4430247
4437145
4440566
4440574
4440788
4440789
4440792
4451867
4454064
4464884
4483608
4483862
4484152
4487675
4520154
4554249
4599912
4691477
4700400
4707180
4734714
4770380
4816721
4849139
4870724
4872063
4912789
4925870
4939594
4940272
4945121
4959907
4960603
4963359
4965011
4965574
4968545
4968703
4997548
5028622
5071130
5115937
5137848
5185074
5185179
5202925
5276885
5341217
5353883
5417674
5424849
5441305
5466769
5466780
5466785
5466788
5466789
5466791
5466795
5466798
5466807
5466811
5466814
5466818
5466821
5473795
5477685
5480781
5483205
5520322
5535856
5550904
5550910
5554949
5558025
5561912
5561919
5561922
5571638
5587941
5591274
5651775
5651783
5668484
5668495
5683815
5699156
5700362
5712122
5712211
5717792
5725589
5744290
5758028
5759037
5775099
5784807
5785100
5799727
5816934
5831253
5831255
5831256
5831268
5831522
5833762
5849580
5849595
5849643
5849646
5860937
5864164
5900034
5900089
5900160
5900161
5900179
5900184
5900186
5900189
5900225
5901622
5903898
5942527
5942528
5951320
5961722
5980800
6028573
6029065
6114347
6114606
6120209
6127098
6143822
6144062
6169046
6169177
6169422
6169660
6170463
6197173
6203470
6203473
6214472
6237886
6238591
6250876
6262797
6266251
6266268
6266280
6266445
6266447
6266622
6266627
6266701
6266770
6279147
6285071
6285073
6289026
6289041
6326861
6326928
6328870
6328893
6328944
6333640
6336598
6347891
6373164
6390193
6443357
6455384
6468225
6538615
6539020
6541074
6553283
6564830
6588323
6590645
6590647
6590651
6597520
6607112
6611922
6613598
6614797
6682880
6683943
6684793
6694543
6694560
6694965
6699308
6700127
6700265
6712711
6770610
6770775
6774947
6775160
6779570
6781273
6790004
6801640
6802052
6817007
6825964
6837647
6862449
6862457
6863178
6863252
6863253
6863282
6872468
6873167
6873324
6873500
6913349
6918507
6918529
6919706
6919751
6920721
6927335
6927350
6930642
6930964
6949494
6950031
6951299
6963887
6963889
6990398
6994676
7005047
7016218
7018662
7033786
7034739
7054384
7054402
7054502
7054801
7059605
7100958
7108043
7108092
7108454
7109243
7111490
7111588
7118320
7155739
7167083
7172774
7172858
7172860
7172863
7184588
7203701
7203775
7203789
7205373
7217134
7224866
7231804
7234225
7237634
7237663
7255321
7282378
7282433
7318903
7318916
7330926
7348172
7402619
7409808
7411970
7414901
7428213
7433849
7433851
7434018
7441481
7451936
7451957
7456532
7457422
7489107
7518782
7519009
7519198
7534380
7558438
7564282
7567223
7567440
7567445
7567554
7567600
7578613
7578855
7579943
7580445
7599735
7605981
7648468
7651555
7652208
7654163
7654428
7654610
7667454
7679727
7680623
7680634
7680681
7688995
7693692
7707115
7709255
7735778
7738887
7792752
7792841
7793096
7794043
7821573
7821937
7843970
7843978
7857000
7876507
7926666
7927422
7927426
7927429
7927581
7937763
7947438
7947635
7947709
7947754
7947849
7948056
7948072
7984780
8015704
8015797
8068819
8074426
8088386
8088617
8089248
8101922
8102178
8106631
8112169
8112186
8112905
8113904
8114057
8143683
8148350
8159242
8170251
8217435
8254160
8274863
8276182
8278872
8292880
8292895
8293717
8293781
8296977
8344740
8347240
8353793
8369251
8369273
8369680
8369695
8369776
8369778
8369831
8377802
8386571
8387508
8421362
8422672
8428065
8439003
8439005
8441783
8442324
8468112
8469940
8470846
8472560
8472577
8475161
8478259
8479058
8482859
8498405
8499635
8515272
8515596
8533076
8573370
8629198
8630075
8661806
8666440
8666805
8676994
8680077
8681899
8719574
8719576
8720273
8720278
8727454
8730998
8733007
8756816
8756892
8774414
8774570
8774638
8774639
8783849
8794094
8814975
8828597
8837510
8844580
8865706
8867253
8871552
8872389
8872441
8872719
8937982
8937985
8947553
8962228
8962521
8963948
8964296
8986709
8993775
9000864
9034758
9034980
9062785
9062790
9070110
9140591
9140593
9140597
9140600
9150640
9222386
9301837
9367466
9395585
9462352
9462408
9498584
9507657
9542003
9552902
9565565
9603487
9648153
9716297
9755376
9755383
9755390
9785300
9808085
9810172
9821387
9822690
9822733
9858904
9900008
9929281
10096886
10096887
10149293
10170423
10207554
10276178
10286038
10374888
10472351
10526899
10531120
10615247
10653886
10669434
10826514
10905773
10971626
10994723
11001887
11006806
11069123
11158789
11162131
11177238
11348104
11350082
11391951
11400591
11417942
11455717
11464447
11469206
11587838
11593539
11624755
11624813
11624819
11624907
11645171
11702921
11733651
11743785
11743789
11773871
11798249
11798250
11839273
11852050
11860562
11909534
11911889
11933549
11951215
11952176
11952304
12024976
12039676
12040985
12081508
12123574
12134140
12198521
12198523
12198531
12234109
12266914
12505005
12505403
12513371
12534135
12586595
12593065
12594566
12619604
12700837
12805817
12899151
12903168
12920750
12933051
12950487
12955837
12956000
13012283
13081133
13107027
13185326
13307522
13543724
13620775
13681232
13752470
13801775
13806260
13814951
13919893
14052063
14147300
14213112
14213937
14377147
14580631
14593616
14615222
14647295
14655998
14704774
14711252
14820411
14820416
14820420
14820437
14820446
14820466
14820469
14853183
15044919
15092992
15206825
15223424
15240212
15382149
15389577
15422584
15491784
15491800
15524063
15588865
15633961
15633962
15667292
15947455
15978610
15984741
16002856
16029615
16049973
16073011
16204377
16211537
16388464
16422868
16438451
16519714
16594725
16634008
16636019
16723181
16726161
16809843
16960662
17113690
17177368
17342282
17372998
17485352
17485780
17489163
17511838
17527938
17660925
17682883
17768376
17899033
18001286
18189047
18197630
18260123
18280833
18408979
18495412
18504013
18631424
18687845
18759200
18783949
18880644
18921474
19037726
19224085
19231459
19654640
19704271
19789837
19789841
19832500
20050353
20074182
20210396
20435095
20538974
20576570
20581299
20684574
21050460
21811094
21840652
22775934
23549137
24554242
25461701
25810707
26443249
26648941
26668817
26925731
27038010
27099093
27114632
27152951
27288569
27452443
27490857
27490881
27505120
27686680
27788817
27910251
27986719
28197097
28266692
28266695
28266696
28279109
28283852
28490242
28525326
28572048
28574958
28576636
28576645
28670064
28674966
28679905
28682345
28682350
28759904
28867253
28913835
29052852
29094497
29181420
29342443
29344546
29376327
29509489
29509491
29509502
29509513
29566907
29653988
29726512
29790215
29832466
30159784
30215681
30251193
30268012
30289537
30289540
30344500
30372403
30373052
30409127
30496227
30571028
30617023
30711884
30763728
30792661
30795043
30954662
31025294
31067412
31071841
31096912
31112245
31112564
31251590
31327341
31330436
31340924
31602311
31715289
31760354
31763557
31873241
32017747
32038719
32055757
32063117
32122734
32258501
32338863
32381238
32386521
32386524
32386532
32386534
32386590
32386619
32402905
32502650
32519068
32553499
32570273
32623458
32641818
32667420
32838797
32845683
32845701
33122147
33122148
33122152
33175650
33175651
33175667
33175673
33539235
33539242
33550139
33552524
34066399
34128979
34133304
34150285
34221997
34263260
34387186
34392837
34394492
34398523
34421895
34448142
34492643
34539087
34579924
34585129
34639577
34645321
34670926
34670931
34718928
34746298
34762353
35013837
35014684
35025685
35065436
35090156
35118208
35118250
35177799
35215486
35345626
35368202
35378672
35425759
35436630
35437525
35437549
35490296
35606045
35962978
35980873
35999387
36050277
36070577
36086367
36122947
36236254
36239190
36328573
36504458
36625295
36633901
36712864
36713392
36730429
36730430
36733312
36733315
36755611
36763947
36823725
36915547
36926327
36928186
36962826
36963719
36968920
37095097
37101039
37148208
37208833
37226044
37380681
37416563
37533033
37605910
37651089
37651183
37808313
37820986
37919866
37945360
38168755
38195854
38264003
38342155
38343508
38375328
38395147
38410501
38412249
38412413
38431825
38557069
38670063
38699699
38735892
38736274
38782891
38782896
38803615
38814009
38821934
38821936
38877603
38877604
38892300
38894397
38933571
38933572
38947200
38963049
38963051
38975904
39093467
11367262
33763794
32060910
38880705
5466806
5386754
8292838
16352272
4968548
4959926
15267098
6358834
2513977
97075
259191
15330792
5982899
20063577
13681532
5900228
2504924
7144207
20381587
4968385
7654130
2844473
7654118
36651210
11017012
9043018
19201236
27700659
18743334
10093263
7316610
4604639
29736026
97080
8143671
6801681
37301862
6266699
31550977
6289031
20597291
36145164
12240430
4693665
8292925
4687314
8482510
7841821
7111553
4792495
6266282
12955794
6480208
4933643
4553261
25242991
5798907
34645214
35590093
28975117
5849596
6867997
3921418
4386325
6801639
7947741
12001949
10149610
1578750
9608654
12357530
5934345
6975209
7680697
7580844
38892298
17674675
14820438
31747091
7329851
5849642
5660498
33825393
6100893
31617700
7055025
19959745
6289029
12969398
8583638
8719570
6052793
11333721
32553500
8691820
39191612
4930676
6266286
29068393
34934562
9945032
7680552
4938241
11624902
6653621
12920771
8466227
30268013
12444594
14976142
# GroundReel (When the ground shifts) — BlackBerry A/B twin
6285683 ground/v_hook.mp4
6611938 ground/v_touch.mp4
7643614 ground/v_office.mp4
37689041 ground/v_crowd.mp4
30124780 ground/v_close.mp4
1474237 ground/p_reveal.jpg
36733421 ground/p_office.jpg
216581 ground/p_keyboard.jpg
5703424 ground/p_fad.jpg
8134067 ground/p_boardroom.jpg
9870223 ground/p_paid.jpg
38201429 ground/p_anchor.jpg
10785779 ground/p_lone.jpg
270257 ground/p_recycle.jpg
14127221 ground/p_made.jpg
# UglyReel (Nobody will touch it) — SanitationReel A/B twin
29704052 ugly/v_hook.mp4
9472840 ugly/v_units.mp4
32621171 ugly/v_service.mp4
14881072 ugly/v_event.mp4
32636373 ugly/v_dusk.mp4
9000867 ugly/p_row.jpg
33424674 ugly/p_potty.jpg
4440530 ugly/p_gloves.jpg
7841410 ugly/p_contract.jpg
29509476 ugly/p_calendar.jpg
17842575 ugly/p_event.jpg
# ForecastReel (What a forecast is worth) — AttReel A/B twin
8102790 forecast/v_hook.mp4
5736195 forecast/v_lab.mp4
8847933 forecast/v_board.mp4
34576168 forecast/v_crowd.mp4
34398886 forecast/v_close.mp4
37401990 forecast/p_brick.jpg
7947854 forecast/p_study.jpg
36359722 forecast/p_tower.jpg
33419837 forecast/p_wired.jpg
7947757 forecast/p_chart.jpg
6773517 forecast/p_deal.jpg
11624820 forecast/p_money.jpg
19570444 forecast/p_skyline.jpg
# PassiveReel (What the fee buys) — ActiveReel A/B twin
39006630 passive/v_hook.mp4
38209367 passive/v_charts.mp4
4698492 passive/v_crowd.mp4
8134702 passive/v_money.mp4
5483080 passive/v_close.mp4
7698817 passive/p_pro.jpg
39212619 passive/p_index.jpg
7643748 passive/p_group.jpg
35719588 passive/p_fees.jpg
39076656 passive/p_desk.jpg
29611783 passive/p_market.jpg
10567351 passive/p_calm.jpg
# WaitReel (The cost of waiting) — HeadstartReel A/B twin
5651766 wait/v_hook.mp4
29717425 wait/v_growth.mp4
8091712 wait/v_young.mp4
30084927 wait/v_clock.mp4
29119700 wait/v_close.mp4
7680554 wait/p_jar.jpg
37159572 wait/p_young.jpg
32063767 wait/p_older.jpg
10149619 wait/p_cash.jpg
7580934 wait/p_calendar.jpg
9771338 wait/p_hourglass.jpg
# WaitReel rework — 8 added media (black beats -> footage), p_portion re-sourced
5651768 wait/v_stack.mp4
18295331 wait/p_paths.jpg
12584119 wait/p_fewcash.jpg
8522207 wait/v_grow.mp4
15633963 wait/p_portion.jpg
32167341 wait/p_rest.jpg
33414459 wait/p_years.jpg
31112120 wait/v_timemoney.mp4
# PremiumReel (What the label buys) — BrandReel A/B twin, media-dense (18 media/2 black/1 red)
8801825 premium/v_shelf.mp4
32386600 premium/v_factory.mp4
5532761 premium/v_line.mp4
5104005 premium/v_compare.mp4
4121749 premium/v_shelf2.mp4
7710751 premium/v_close.mp4
8015462 premium/p_twoproducts.jpg
8789609 premium/p_pricetag.jpg
18350286 premium/p_fancy.jpg
8422697 premium/p_shopper.jpg
5532658 premium/p_conveyor.jpg
16695395 premium/p_ads.jpg
5498024 premium/p_shelf2.jpg
3338538 premium/p_quality.jpg
11018212 premium/p_cart.jpg
35972716 premium/p_plain.jpg
7967626 premium/p_labels.jpg
5732762 premium/p_premium2.jpg
# ThroneReel (The old battlefield) — NokiaReel A/B twin, media-dense (24 media/2 black/1 red)
33688494 throne/v_hook.mp4
7119842 throne/v_retro.mp4
34775736 throne/v_assembly.mp4
853987 throne/v_touch.mp4
6962182 throne/v_apps.mp4
34690800 throne/v_close.mp4
8088611 throne/v_crowd.mp4
9558109 throne/v_discard.mp4
8715128 throne/p_brick.jpg
35286031 throne/p_oldphones.jpg
15913924 throne/p_king.jpg
5554948 throne/p_factory.jpg
29435052 throne/p_keypad.jpg
6755078 throne/p_hardware.jpg
8674795 throne/p_throne.jpg
29107599 throne/p_chess.jpg
35247741 throne/p_menu.jpg
10883732 throne/p_smartphone.jpg
12903031 throne/p_handshake.jpg
112855 throne/p_chessboard.jpg
27141307 throne/p_appgrid.jpg
35525661 throne/p_corporate.jpg
5387258 throne/p_deal.jpg
38411739 throne/p_recycle.jpg
# PoolReel (The rented platform) — PalletReel A/B twin, media-dense (21 media/2 black/1 red)
11191776 pool/v_hook.mp4
23625701 pool/p_yard.jpg
31352807 pool/v_forklift.mp4
10697106 pool/p_aisle.jpg
39275653 pool/p_stacked.jpg
6170600 pool/v_dock.mp4
635096 pool/p_collect.jpg
6167610 pool/v_handle.mp4
10864361 pool/p_worn.jpg
8447829 pool/v_repair.mp4
9541900 pool/p_field.jpg
33597923 pool/p_single.jpg
4473271 pool/v_hub.mp4
20021122 pool/p_centre.jpg
35501716 pool/p_depot.jpg
11624826 pool/p_ledger.jpg
39228928 pool/p_chart.jpg
31750574 pool/v_cash.mp4
37528609 pool/p_under.jpg
4294436 pool/v_warehouse.mp4
6543308 pool/v_port.mp4
# NewCarReel (The new-car tax) — DepreciationReel A/B twin, media-dense (22 media/2 black/1 red)
33596417 newcar/v_hook.mp4
12306835 newcar/v_wall.mp4
12768472 newcar/v_road.mp4
10296902 newcar/p_first.jpg
5982900 newcar/p_lot.jpg
7144212 newcar/p_worth.jpg
9216589 newcar/p_fuel.jpg
10610187 newcar/p_driveoff.jpg
4968666 newcar/p_cash.jpg
31161428 newcar/p_pump.jpg
32723685 newcar/p_downhill.jpg
38343510 newcar/p_chart.jpg
38933569 newcar/p_chart2.jpg
1111320 newcar/p_sticker.jpg
2622122 newcar/p_dash.jpg
29566900 newcar/p_usedlot.jpg
27365322 newcar/v_used.mp4
14667496 newcar/p_interior.jpg
7144201 newcar/p_key.jpg
38164944 newcar/p_showroom.jpg
30254179 newcar/v_luxury.mp4
6942638 newcar/v_close.mp4
# VaultReel (Safe vs growing) — GoldReel A/B twin, media-dense (20 media/2 black/1 red)
31750573 vault/v_hook.mp4
29336323 vault/p_goldbar.jpg
7080470 vault/p_goldcoins.jpg
25913209 vault/p_vault.jpg
28892477 vault/p_antique.jpg
7948045 vault/p_crisis.jpg
29336321 vault/p_goldstack.jpg
9648243 vault/p_goldpile.jpg
7364046 vault/p_buyer.jpg
15253932 vault/p_scale.jpg
30445101 vault/v_marketchart.mp4
6596225 vault/v_growth.mp4
6266645 vault/v_compound.mp4
5253412 vault/v_close.mp4
5909815 vault/p_inflation.jpg
6476254 vault/p_business.jpg
31352672 vault/p_factory.jpg
9226624 vault/p_twojobs.jpg
18671240 vault/p_slow.jpg
6676154 vault/p_horizon.jpg
# VendorReel (The vendor trap) — BordersReel A/B twin, media-dense (21 media/2 black/1 red)
8567117 vendor/v_hook.mp4
8441789 vendor/p_handover.jpg
2553427 vendor/p_aisle.jpg
15898141 vendor/p_store.jpg
29976380 vendor/p_books.jpg
1581692 vendor/p_nodigital.jpg
7433853 vendor/p_boardroom.jpg
38821173 vendor/p_losschart.jpg
6214471 vendor/p_laptop.jpg
6347550 vendor/p_customer.jpg
37730212 vendor/p_data.jpg
8937986 vendor/v_online.mp4
16971219 vendor/v_warehouse.mp4
7855144 vendor/v_close.mp4
6580389 vendor/p_empty.jpg
8815843 vendor/p_deal.jpg
5414058 vendor/p_closed.jpg
8532289 vendor/p_future.jpg
14775626 vendor/p_shoppers.jpg
38984817 vendor/p_learn.jpg
3184459 vendor/p_vendor.jpg
17485603 certain/p_street.jpg
13256146 certain/p_lily.jpg
3508134 certain/p_chapel.jpg
7065900 certain/v_corp.mp4
8050335 certain/p_cemetery.jpg
14992893 certain/p_shopfront.jpg
17904894 certain/p_facade.jpg
13980225 certain/p_pews.jpg
6758531 certain/p_reception.jpg
7578632 certain/v_ticker.mp4
7054505 certain/p_signing.jpg
7680466 certain/p_savings.jpg
7937274 certain/p_rooftops.jpg
2524353 certain/p_memorialpark.jpg
7680556 certain/p_cash.jpg
7580854 certain/p_calc.jpg
19693228 certain/p_coins.jpg
5767251 certain/v_candle.mp4
12551268 certain/p_flag.jpg
37368966 certain/v_road.mp4
# DragReel (The certain drag) — FeeReel A/B twin, media-dense (20 media/2 black/1 red)
7821675 drag/p_wonder.jpg
11341267 drag/p_hundredk.jpg
35877869 drag/p_leak.jpg
8976192 drag/p_twopaths.jpg
28103488 drag/p_singlecoin.jpg
6328873 drag/p_skim.jpg
20843727 drag/p_tallstack.jpg
19673920 drag/p_shortstack.jpg
5849656 drag/v_chart.mp4
6100900 drag/v_review.mp4
6077861 drag/p_scale.jpg
6193140 drag/p_calendar.jpg
7034335 drag/v_clock.mp4
17497507 drag/p_sprout.jpg
6033939 drag/p_race.jpg
5842061 drag/p_bars.jpg
10180294 drag/p_hourglass.jpg
8180073 drag/p_dial.jpg
6625217 drag/p_nestegg.jpg
955393 drag/p_stamp.jpg
# MonthsReel (Cash buys time) — original, media-dense (17 media/2 black/1 red)
10984775 months/p_closed.jpg
269318 months/p_idea.jpg
29521529 months/p_whiteboard.jpg
8347237 months/v_emptyoffice.mp4
9242916 months/p_prototype.jpg
31711911 months/p_emptyshop.jpg
910122 months/p_wallet.jpg
13111767 months/p_deskmoney.jpg
31599622 months/p_crowd.jpg
6863247 months/p_jarempty.jpg
12996956 months/p_fuelgauge.jpg
8028798 months/v_compass.mp4
30215686 months/p_latework.jpg
1059381 months/p_calendar.jpg
30923399 months/p_sunrise.jpg
28271326 months/p_runway.jpg
5637953 months/v_founder.mp4
# MajorReel (What you study) — original myth-bust, media-dense (18 media/2 black/1 red)
8093042 major/p_grads.jpg
730647 major/p_gap.jpg
12794087 major/p_diploma.jpg
11911071 major/p_books.jpg
7683346 major/v_campus.mp4
11327902 major/p_paychecks.jpg
32255498 major/p_finishline.jpg
8539752 major/p_lab.jpg
6285159 major/p_engineer.jpg
22863131 major/p_tradework.jpg
4919433 major/p_ruler.jpg
37451040 major/v_lecture.mp4
259132 major/p_millions.jpg
30696818 major/p_ladders.jpg
7128758 major/p_study.jpg
2801126 major/p_signpost.jpg
6517121 major/p_halves.jpg
16739537 major/v_crossroads.mp4
# MinimumReel (The minimum trap) — original, media-dense (18 media/2 black/1 red)
7821729 minimum/p_card.jpg
11706725 minimum/p_calendar.jpg
4475523 minimum/p_statement.jpg
7111600 minimum/p_interestup.jpg
6590636 minimum/p_debtpile.jpg
12187076 minimum/p_gauge.jpg
14820436 minimum/p_5kcash.jpg
1188938 minimum/v_hourglass.mp4
4386420 minimum/p_moneydrain.jpg
11809349 minimum/p_envelope.jpg
6358840 minimum/p_paidstamp.jpg
3943716 minimum/p_fewcoins.jpg
8431782 minimum/p_twostacks.jpg
6540557 minimum/v_swipe.mp4
6801648 minimum/p_growthline.jpg
38808472 minimum/p_downchart.jpg
280277 minimum/p_clock.jpg
6949983 minimum/v_scissors.mp4
# HeirsReel (Building vs keeping) — original, media-dense (18 media/2 black/1 red)
38255315 heirs/p_estate.jpg
39325789 heirs/p_builder.jpg
35625441 heirs/p_vault.jpg
14240460 heirs/p_fork.jpg
2004385 heirs/p_opposite.jpg
1533863 heirs/p_solo.jpg
30252372 heirs/v_growth.mp4
8205336 heirs/p_meeting.jpg
6148958 heirs/p_family.jpg
6773401 heirs/p_handshake.jpg
32768955 heirs/p_generations.jpg
20502040 heirs/p_risk.jpg
12069400 heirs/p_restraint.jpg
4968649 heirs/p_spending.jpg
27568960 heirs/p_erosion.jpg
5027798 heirs/p_steward.jpg
8327868 heirs/p_craft.jpg
10420165 heirs/v_legacy.mp4
# SafeReel (Safe isn't risk-free) — original (idle cash vs inflation), media-dense (20 media/2 black/1 red)
7821689 safe/p_balance.jpg
16503709 safe/p_flatline.jpg
26077633 safe/p_lowyield.jpg
8058803 safe/p_pricetags.jpg
16697108 safe/p_shrink.jpg
7680483 safe/p_untouched.jpg
32334240 safe/p_safebox.jpg
39240106 safe/v_grocery.mp4
5909820 safe/p_erode.jpg
13668628 safe/p_smallpile.jpg
34547571 safe/p_mirror.jpg
35317730 safe/p_fog.jpg
18874311 safe/p_calmchart.jpg
7527875 safe/p_sand.jpg
39183702 safe/p_snowball.jpg
5357833 safe/p_umbrella.jpg
6694561 safe/p_wallet.jpg
7504584 safe/p_calendar.jpg
36463257 safe/p_downhill.jpg
7125823 safe/v_review.mp4
# RealReel (Nominal vs real) — A/B twin of SafeReel (idle cash vs inflation), media-dense (19 media/2 black/1 red)
11624906 real/p_cashstack.jpg
38764230 real/p_coin.jpg
7986975 real/p_prices.jpg
3675620 real/p_meltcoin.jpg
164527 real/p_stash.jpg
7828324 real/p_piggy.jpg
145683 real/p_vaultdoor.jpg
5924970 real/v_shopping.mp4
4386370 real/p_dissolve.jpg
18671201 real/p_reflection.jpg
1367192 real/p_hidden.jpg
33639667 real/p_flatgreen.jpg
1178684 real/p_hourglass.jpg
15505900 real/p_stairsdown.jpg
3581959 real/p_shield.jpg
915915 real/p_purse.jpg
273011 real/p_yearplanner.jpg
35118242 real/p_declineline.jpg
8087768 real/v_thinking.mp4
# WantedReel (Why startups fail) — A/B twin of MonthsReel (myth-bust: it's rarely the idea), media-dense (20 media/2 black/1 red)
12899129 wanted/p_founder.jpg
3217852 wanted/p_lightbulb.jpg
7927424 wanted/p_emptywallet.jpg
20187073 wanted/p_emptyshelf.jpg
8811463 wanted/p_rearview.jpg
5138716 wanted/p_headline.jpg
7947749 wanted/p_microscope.jpg
7934522 wanted/p_nocustomers.jpg
19266676 wanted/p_coins.jpg
5701054 wanted/v_market.mp4
7322494 wanted/p_rival.jpg
9331582 wanted/p_calm.jpg
12354555 wanted/p_unsoldstock.jpg
4146006 wanted/p_zerobank.jpg
6238050 wanted/p_brainstorm.jpg
9175181 wanted/p_runway.jpg
6991363 wanted/p_stickynotes.jpg
3184327 wanted/p_teamwork.jpg
1002703 wanted/p_growth.jpg
5534473 wanted/v_reflect.mp4
# AutopayReel (The autopay trap) — A/B twin of DriftReel (forgotten subscriptions), media-dense (15 media/2 black/1 red)
38466607 autopay/p_remote.jpg
37669736 autopay/p_facedown.jpg
5635111 autopay/p_calendar10.jpg
6963017 autopay/p_investjar.jpg
4106935 autopay/v_drain.mp4
5393415 autopay/p_dust.jpg
401213 autopay/p_plantcoins.jpg
12198528 autopay/p_twojars.jpg
6590620 autopay/p_banknote.jpg
3616891 autopay/p_card.jpg
6747066 autopay/v_compound.mp4
11873897 autopay/p_hourglass.jpg
8018103 autopay/p_smallcoins.jpg
10124559 autopay/p_fork.jpg
32789559 autopay/v_reflect.mp4
# TuitionReel (The tuition trap) — A/B twin of MajorReel (college value / cost tripled since 1980), media-dense (16 media/2 black/1 red)
29737876 tuition/p_campus.jpg
5839005 tuition/v_risingchart.mp4
14635958 tuition/p_flatline.jpg
9755391 tuition/p_receipt.jpg
6728919 tuition/p_summerjob.jpg
5538594 tuition/p_backpack.jpg
356065 tuition/p_lecturehall.jpg
5198201 tuition/p_paystub.jpg
6693644 tuition/p_loanform.jpg
7942430 tuition/p_diploma.jpg
13208025 tuition/p_scale.jpg
32600359 tuition/v_paths.mp4
36819484 tuition/p_success.jpg
6964351 tuition/p_burden.jpg
955394 tuition/p_signing.jpg
7712279 tuition/v_grad.mp4
